1 3 13729 13070 3501 
1 5 13729 11333 9239 507 9458 
3 3 11333 221 271 
1 7 540 3463 9562 9484 6351 6103 507 
1 3 3369 11471 6103 
1 3 377 3241 3369 
1 6 377 3241 6301 3301 3205 6384 
2 3 9315 6318 6384 
1 7 11333 11221 296 9322 13730 11382 9315 
1 2 11297 9315 
2 5 9315 9379 9332 11270 351 
1 5 6384 6335 6399 11332 11218 
1 5 11218 9350 9237 6395 3273 
1 5 3273 9383 6300 3150 11136 
1 2 9392 9383 
1 5 351 11299 11378 9392 9383 
1 4 9383 159 11306 9075 
3 6 14185 11237 11267 9310 3342 11293 
1 4 11293 3359 3242 3379 
1 2 3242 385 
1 4 3369 6378 6270 9297 
1 3 9239 6221 6270 
1 3 9297 6237 9315 
1 6 6880 9765 6933 980 970 11805 
3 5 11805 3861 799 6924 9817 
3 3 9817 11673 6734 
3 3 6734 9686 11677 
3 4 6734 9689 11710 758 
1 4 758 6955 11692 11677 
1 7 11677 11840 3725 3727 3918 918 11825 
1 7 11707 14875 3729 726 3920 4024 11825 
1 4 11825 6936 903 885 
1 4 885 11852 13979 740 
1 5 11707 6749 9703 11688 740 
1 5 11852 3902 6903 6878 3816 
3 5 3816 3954 6966 6812 9764 
2 3 9764 854 9824 
3 4 3816 9813 11821 915 
3 3 740 6756 743 
3 4 11825 9846 3874 6867 
1 5 6867 874 845 889 9817 
1 5 6867 794 11756 9917 6866 
1 6 6866 9877 3926 844 924 11805 
1 6 9767 14961 3938 896 11820 9917 
1 6 9846 9827 3820 977 14962 9767 
3 7 9767 14962 6993 9785 9933 813 3816 
3 5 6966 3873 6817 9896 6906 
1 5 9767 3858 9852 6879 3945 
1 6 3816 11737 7213 871 3799 6906 
1 7 9767 3858 9852 11742 888 3835 11884 
3 4 11884 9903 1093 10024 
2 2 1093 4098 
1 4 4098 9889 6959 6906 
1 5 10024 10109 4065 11956 1176 
1 2 12038 11956 
3 6 1176 7068 7198 4182 10094 7183 
1 3 7198 6744 875 
1 4 7183 7098 9891 875 
1 3 4182 10009 9979 
1 2 7183 1048 
3 7 7183 4080 11749 6954 931 9925 6866 
3 4 875 3871 6896 6832 
1 5 6866 11780 985 6948 6832 
1 6 6832 6800 9778 11863 6914 3858 
2 5 9824 9853 3946 6960 9898 
2 7 9898 11877 958 11834 911 3928 9909 
1 4 6766 943 9723 6960 
3 6 743 11697 3740 11699 3749 6766 
1 4 743 9710 6777 9737 
3 6 9737 9717 11720 6775 11702 6766 
2 6 6613 3589 780 762 11713 958 
2 5 3589 6784 11573 9745 6780 
1 4 6613 11593 3594 9607 
1 6 9607 9748 769 6770 760 9898 
2 5 9607 11576 6648 3621 620 
2 4 620 9751 9734 6775 
2 6 11596 629 11582 595 11565 9737 
2 4 11596 11869 3626 620 
2 4 11596 3659 655 6657 
1 3 620 3598 595 
2 5 3552 6572 9525 11508 9495 
3 4 6536 9510 15216 11465 
3 3 9523 9507 512 
3 6 512 6533 9492 9478 503 11465 
3 3 9492 3671 11596 
3 7 9495 527 3495 3509 11463 6547 9523 
3 10 6449 3579 15177 15178 11535 11521 553 3534 3549 6547 
3 4 9434 11563 9578 3549 
3 5 9523 11506 9534 6569 485 
3 4 11420 454 9561 11506 
1 3 11548 9500 11420 
2 5 11732 551 6949 11491 9523 
2 2 3506 6949 
3 7 3652 11628 3669 3506 6518 9725 9523 
2 5 3652 9642 6698 698 678 
2 4 678 6529 9503 1346 
1 4 9503 1346 11502 9559 
2 4 9561 11549 3546 11732 
1 2 9559 6583 
3 2 3506 9490 
2 5 9490 3533 6531 9658 6698 
2 7 9503 1346 521 11516 5291 6545 11732 
2 6 512 3493 6688 11611 9609 9607 
3 4 3652 648 11794 6613 
1 4 4159 15099 14589 4014 
3 6 10074 15098 3857 1156 15099 4159 
1 6 12066 12098 10027 9856 15102 11837 
1 3 11837 15100 11998 
3 5 11837 15102 9784 6843 883 
3 10 9990 12066 3901 10027 3968 851 15101 955 15103 819 
3 4 819 9826 11803 883 
1 4 819 9826 15071 11846 
1 5 11846 15072 9904 11751 15074 
1 5 11773 11874 11824 9772 6891 
2 4 883 6939 3966 6831 
1 5 9904 11882 6926 11790 925 
1 3 925 9838 6831 
1 3 15074 6862 6875 
1 5 11751 15074 3885 9879 9907 
1 5 6875 11833 6946 13255 6973 
3 2 6973 6788 
3 4 6788 3772 11891 9909 
3 5 6780 11730 9741 771 6788 
3 4 9741 776 13256 3780 
1 4 3780 6790 3773 6788 
1 3 6790 9752 6606 
3 2 6606 782 
3 6 3780 969 773 603 11734 6606 
3 4 603 14577 14578 11584 
1 3 14578 628 6626 
3 5 14578 3657 6673 3674 3673 
1 4 6626 11595 9613 6673 
1 3 6626 599 9627 
1 4 6626 599 14536 3601 
3 6 603 3604 9598 11598 9630 11618 
2 6 3780 607 6635 9587 9618 636 
3 7 3780 9584 9600 13367 661 11601 663 
1 4 9907 1616 6985 6606 
1 4 782 9924 967 925 
1 7 11548 3536 6504 11483 9536 13211 516 
1 3 516 13211 6560 
3 6 3546 13011 13081 3516 13068 516 
3 5 13068 11519 9444 9418 6583 
1 4 516 6598 3262 9498 
3 2 9498 391 
1 3 391 68 3314 
3 5 391 6241 9363 3512 6469 
1 3 6241 6286 6336 
1 2 6336 9335 
1 3 6469 13264 587 
3 2 6469 495 
2 6 516 13068 9574 11562 9522 587 
2 6 6583 11435 11470 11494 3547 587 
3 4 11494 14539 6444 6488 
2 5 11531 14694 11547 11560 6488 
2 5 11531 14695 9575 3423 11494 
3 7 11499 9517 6555 6581 3574 589 6488 
1 3 694 3679 663 
1 5 694 6934 15097 9655 11638 
3 2 9517 13261 
3 8 694 13261 6542 3530 3558 563 14694 11531 
1 4 11638 9666 6693 692 
1 3 692 11653 9515 
1 5 9515 6725 3688 707 688 
2 3 692 9652 707 
1 4 9515 3299 571 11544 
2 2 11499 3690 
2 4 3690 708 3705 692 
2 7 11638 9666 708 3690 6540 11529 11544 
3 6 11544 9572 11417 11445 3397 6488 
1 4 11618 9633 6678 6680 
1 5 11618 11634 13206 3675 688 
1 3 3673 653 9648 
1 5 653 6687 9650 3684 688 
1 6 9648 13205 6690 704 13207 11666 
1 3 653 9679 6690 
1 6 9515 9681 3703 9665 11651 13207 
2 9 11666 14225 9527 6552 543 13657 9541 6592 6418 
3 3 6418 14679 11542 
2 7 11544 9416 3474 11404 6470 424 6418 
2 7 3474 482 9497 6501 3535 11481 514 
3 5 514 14967 6441 9428 6521 
3 4 6521 14838 11505 9496 
3 5 6521 3499 14968 9456 3522 
3 5 3535 6582 14966 6487 3522 
3 5 6521 11444 3312 349 6282 
2 3 9496 3207 349 
3 5 6513 3561 425 11468 3522 
1 4 6377 526 9375 3522 
1 3 14964 3271 6377 
1 4 6377 6263 6325 9347 
3 3 14964 6349 6325 
3 5 9347 6257 9320 11305 321 
2 5 321 11276 11219 375 6521 
2 4 321 9388 3340 349 
1 2 14964 241 
1 4 14964 309 247 9509 
1 3 9509 6535 495 
1 7 241 336 11264 9281 11346 6622 6469 
3 5 495 3398 9547 3524 6488 
1 5 495 9443 11431 3355 6513 
1 7 3524 11533 564 3355 405 3395 6377 
1 4 9335 11318 11360 241 
1 4 3524 6549 9524 3561 
1 2 425 14966 
3 3 6257 13763 6389 
2 2 3368 13763 
1 5 9347 3368 3231 13764 11366 
1 3 11366 332 399 
1 5 399 3277 6364 6235 394 
1 3 3277 15075 3325 
3 5 3325 3260 6393 14841 6287 
1 4 6282 6334 9334 9361 
1 5 9361 11372 11343 9263 362 
1 4 6332 14542 11245 6375 
3 6 9496 3572 6595 552 15109 9570 
2 4 9570 6462 9511 11467 
1 13 9496 537 6236 14612 9252 11260 11288 334 389 15070 3380 6402 14542 
2 6 514 6559 14680 9429 9421 11542 
2 7 11542 9421 15105 583 421 13636 3569 
1 7 11539 9551 14486 6590 15104 3553 3569 
2 4 11539 3484 541 9692 
1 3 9692 6739 14225 
1 3 3569 557 6739 
1 4 11539 581 3550 3581 
1 6 3581 6586 13635 11536 3548 746 
1 4 541 11679 11663 9660 
2 6 9660 716 13271 730 11659 3696 
1 7 9660 6703 682 3670 13414 9611 11581 
1 6 11666 14220 3700 6720 9676 11663 
1 5 9660 684 6700 9621 3617 
1 4 6558 388 11232 279 
3 4 279 3324 389 362 
3 5 279 3381 11515 493 9508 
3 5 3324 3295 3230 548 9508 
3 3 6558 17 3381 
2 5 9508 5095 584 506 6464 
1 3 6464 13659 9427 
3 4 9427 11430 6416 3458 
3 3 6416 467 3544 
1 2 3458 467 
2 3 9508 9400 3544 
2 11 11399 3559 3521 12562 524 6567 9290 6321 6347 15069 15070 
1 4 11399 9494 536 11479 
2 5 536 13726 422 513 572 
2 6 3392 6546 11441 422 9558 11479 
1 4 572 6435 3496 11503 
2 4 3392 12904 11247 11301 
1 4 11301 347 13721 3393 
2 7 11301 347 318 6359 14592 9304 11341 
1 4 3393 13722 9274 3320 
1 6 11479 6483 11411 11550 3743 9548 
2 8 9427 11413 442 6499 6522 3434 9468 11479 
1 3 3544 524 402 
1 4 402 9544 11466 3392 
2 8 6332 14542 395 266 11386 11329 11357 11301 
1 5 395 3384 11312 3272 6296 
1 3 3320 327 6296 
3 4 6296 6360 6229 6376 
1 5 6376 9483 3354 6314 3288 
1 4 6332 11265 348 3288 
1 3 6590 9567 6464 
2 3 11581 3592 3601 
3 6 9627 6650 3654 596 9646 9648 
1 7 11581 624 9595 6647 14672 619 3617 
1 3 3617 11787 9606 
3 3 11787 3614 11586 
1 5 11586 11583 6998 9602 11887 
2 4 11887 9906 9874 3882 
2 4 11887 11868 13609 949 
1 4 3601 6611 984 3924 
1 5 3882 3865 3833 3526 11818 
2 10 11818 10163 3844 3973 13642 3864 976 1109 13639 4109 
2 4 949 3908 3937 6923 
1 8 949 3971 3952 3819 6842 9769 649 9783 
2 7 6923 9862 878 11905 3893 6895 9833 
1 3 3696 3709 6711 
1 3 746 713 3696 
1 9 6711 693 3694 676 6679 11605 6695 660 3663 
1 8 9606 3649 11657 3645 637 3639 3636 3663 
1 4 9617 11603 6677 9635 
1 6 3663 9651 11652 9701 6747 9716 
1 4 9716 723 3707 13679 
1 4 9716 6584 6761 9548 
1 2 9833 11829 
1 4 11829 11811 6871 3951 
3 4 3951 6808 9806 11784 
2 3 3951 11831 3983 
1 6 3983 3856 981 11898 928 4112 
1 5 4112 11848 9921 11778 6912 
1 5 3951 11831 856 785 9921 
1 5 3983 9878 3876 11860 940 
1 7 940 9755 6807 9763 9830 15049 11810 
2 6 11810 806 3889 14523 12733 12473 
1 5 3889 9893 9912 7620 14528 
1 5 9777 3903 3935 9915 11881 
1 8 9777 6977 921 3870 3807 11844 6925 11784 
1 4 11784 6908 3919 11866 
1 4 2133 13358 6991 11853 
1 7 6115 9103 9204 11029 9036 6072 11176 
1 4 6115 11078 9157 6184 
1 6 6184 11028 9227 11206 9139 3022 
1 8 122 6145 65 3192 137 3049 9196 6072 
1 3 192 6055 101 
1 6 101 3095 11155 9226 9186 6165 
1 10 6165 9108 6083 9143 9220 11067 118 11185 9088 130 
1 10 3022 6038 3111 11049 6129 9154 3108 6126 205 130 
1 10 130 205 9151 11040 11147 3045 11091 3182 9149 6050 
2 4 6050 161 11082 11380 
2 8 11082 9109 9209 6188 3063 3375 295 383 
2 11 11380 9393 11289 9406 9329 9251 11231 9410 9300 11376 9279 
2 7 9279 14406 6345 9362 6412 3307 383 
1 5 11376 6120 11160 11327 11215 
1 7 6165 6125 9147 11125 11164 11081 158 
1 7 158 11121 195 66 3172 11065 3122 
1 6 3083 9194 11211 6108 13662 11105 
1 4 11105 9129 6144 67 
1 7 3122 6013 9038 6138 3119 9160 9056 
1 5 9129 11066 3137 3025 6138 
1 5 3083 9194 6108 13662 11105 
1 6 67 9073 9183 11056 6082 9206 
1 5 9206 11162 3050 6150 3187 
1 11 3187 3030 9061 3068 9169 193 3125 9106 6212 120 158 
1 6 9056 9163 141 6078 9104 3125 
1 2 3354 9262 
2 4 6376 6222 15110 9340 
1 5 9340 10323 11222 7482 310 
2 7 9340 9240 9317 11291 3074 496 3152 
3 5 3152 11426 11127 11443 4640 
1 8 11291 308 6408 9485 592 13268 415 11202 
2 6 3320 9295 11498 11226 11358 310 
2 4 13668 4139 13670 7069 
2 3 7069 10070 7100 
1 5 7100 1194 10113 13236 9945 
2 10 7100 11987 13673 4097 1111 989 4116 13872 13875 7132 
1 9 13860 7958 13863 13864 13868 7008 4150 13874 7132 
2 6 7132 11923 13879 1013 9964 1145 
2 8 1145 11939 13880 7166 4046 10078 12051 13878 
1 5 12888 10059 7065 9976 12051 
2 5 7180 13437 7162 4129 11921 
2 6 13878 7081 1160 4163 1046 13437 
2 2 11969 7180 
1 6 12473 14584 1072 4550 13224 4111 
1 4 4111 13223 13311 792 
1 8 4111 13223 11951 1065 7107 1 13214 4206 
1 3 4206 1201 1065 
1 4 1 12147 7151 13350 
1 4 13350 4574 4591 11976 
1 6 4206 13212 4088 4161 11979 1155 
2 5 4076 12091 10073 7011 4143 
2 4 4143 12004 4073 12049 
2 3 11964 10005 7011 
2 5 4143 4055 1068 10031 7144 
2 5 7144 11974 12044 1151 12071 
1 6 11976 12101 2027 10835 13593 13579 
1 6 10106 13340 1600 12866 10793 2097 
1 4 2097 13322 13319 8001 
1 4 8001 13315 15146 2089 
1 2 2089 15145 
1 3 5005 12784 1922 
1 7 1922 2065 1982 15161 10922 15131 10837 
1 6 10837 15130 10768 15134 10385 7602 
1 6 8124 7980 5041 5097 13521 13520 
1 6 4995 14604 2063 13420 10928 12991 
1 4 14178 2046 2003 12725 
1 4 14178 12796 10745 8105 
1 4 14178 10900 14176 12881 
1 11 3134 6157 11031 178 6181 3121 9162 3008 86 3189 9195 
1 9 9195 94 6021 11175 155 11092 3033 9118 11159 
1 6 11159 90 6057 11153 11059 70 
1 5 70 9197 11068 149 3151 
2 6 70 57 3140 6131 11093 39 
1 8 3151 6174 11080 181 3120 126 13270 4640 
1 5 11202 11097 3053 6139 181 
1 10 11234 9331 320 9234 11109 11072 11139 6197 79 6174 
3 17 6380 14316 3259 3358 11250 3215 11315 2999 187 9111 6086 6035 6095 9164 11068 149 3151 
2 7 6380 14313 9378 9278 6356 252 121 
2 8 121 9122 11099 62 9168 2996 11107 9131 
2 7 39 11131 3085 6189 9207 11189 9131 
1 3 3215 9343 11349 
1 5 11349 6264 3235 9287 11234 
2 4 11234 6293 323 11241 
1 7 11241 9323 6249 6326 3219 6459 310 
2 11 2996 11143 143 3135 9200 11075 9180 3167 6089 9214 6124 
2 5 6410 9298 11344 3303 11375 
2 12 6380 14313 301 11362 6316 378 280 3268 6392 6295 9389 11375 
2 11 6380 14313 301 3290 11330 350 283 3275 3387 3322 6410 
2 10 6410 9407 11394 297 3285 6374 6312 9373 11356 6338 
2 10 6124 272 3139 3027 370 9293 12203 7346 11352 7375 
2 7 6338 260 9336 3251 3300 6388 6278 
2 11 6278 7403 206 1380 10286 10314 361 3280 7320 10133 1821 
2 3 7375 11228 361 
2 5 1821 9553 1543 10189 14995 
2 9 14995 1387 7846 7774 3472 13356 12652 4700 10696 
2 8 10696 12679 1733 1860 7825 7274 4866 7757 
2 5 7757 12631 1685 1816 10649 
1 10 10649 12563 4818 1876 7841 4750 10664 4815 7838 1727 
2 9 1727 4797 1762 4837 10528 7816 1696 4705 1672 
1 12 1672 7786 4677 7725 12622 10559 12543 14484 7851 10678 12657 7763 
2 8 7763 4725 10655 7801 12678 7672 14420 12189 
2 10 12189 10466 11643 6686 664 6684 3787 11750 6989 957 
2 4 10133 12287 1233 9292 
2 3 9292 1327 1292 
2 8 1292 1775 1294 12521 4780 7800 1709 10696 
2 6 9292 12157 10329 12117 12130 291 
2 8 291 273 3289 12172 227 11256 11377 11225 
2 13 11225 6275 6226 3246 3196 257 11240 11393 9409 6409 3360 3389 396 
2 7 11351 396 232 275 11363 6284 3322 
2 5 11351 11323 9339 6317 413 
2 6 413 9448 11540 6428 3566 6587 
1 9 9753 9735 11579 9440 3461 6516 520 11474 3529 
2 6 6587 11408 433 9460 3426 3578 
1 7 6587 544 487 579 3582 5011 3529 
2 11 9417 11434 9446 9461 9476 547 3567 3469 11475 3527 413 
1 9 3529 9504 3505 9516 6544 500 11459 11450 9446 
1 9 9753 11706 6760 6758 3726 6748 700 6701 3668 
2 6 3668 4463 7624 4458 7495 7661 
1 10 7661 1536 4614 4477 14089 11674 14090 14091 4534 12309 
2 6 12309 6671 6669 3658 772 3653 
1 4 3668 3682 666 3672 
2 15 3672 670 14367 9647 6718 11633 9649 714 9694 735 9709 6781 3587 585 9417 
2 4 3734 3752 3765 3587 
1 4 719 3760 3720 3734 
2 4 9417 9430 6493 6474 
2 6 6474 3466 486 472 453 11437 
2 9 11437 11405 588 3573 737 568 3722 705 3686 
2 6 11437 6423 11561 9573 3403 409 
2 6 11670 741 754 9576 9435 9481 
1 8 409 6597 3575 9714 754 13677 11705 13679 
2 7 409 458 11438 9465 6497 11490 9481 
2 3 6497 504 525 
2 3 9481 11464 11514 
2 8 9481 476 6429 462 438 9454 491 11479 
2 6 11514 6593 3470 11543 6435 572 
2 6 525 11557 582 3584 9519 559 
1 5 559 11504 3557 11397 418 
2 6 6474 3479 3491 9531 6554 418 
2 7 418 9449 6517 11500 534 11396 413 
2 4 3580 11244 11310 9355 
2 5 9355 9411 11242 3292 6262 
2 6 6262 6396 6290 9348 6414 6380 
1 4 418 6481 6543 3580 
2 10 525 11557 6458 11489 6508 9566 3225 288 3364 3335 
2 4 9288 546 9506 6508 
2 7 11370 216 6292 3378 6344 13738 9288 
2 10 3335 6252 11284 11235 11300 382 3263 6348 14315 6380 
2 11 306 3362 6387 9272 11254 335 401 3327 3391 14315 6380 
1 4 306 223 6354 3331 
2 4 11370 294 11322 3331 
1 3 3331 9241 11241 
1 4 9288 9342 11229 11325 
1 4 11341 3759 11216 11370 
1 4 3320 6340 277 11370 
1 5 9206 9100 13663 3060 3151 
1 6 7477 7563 7635 4599 12491 12333 
1 5 12333 8099 10414 7924 12161 
2 5 12161 1573 7775 1216 10187 
2 8 10187 4629 14186 10366 4578 4636 10353 7657 
2 10 7657 7600 7243 12471 7354 4376 1429 4394 7341 4294 
2 5 4294 1254 4322 3563 12128 
2 8 12128 10299 6515 3330 3357 393 11348 11225 
2 6 11771 11808 916 4642 4572 13621 
2 9 11771 14850 846 9831 930 1499 4561 12485 1847 
1 4 1847 7873 7832 7763 
2 7 1847 7894 10638 4745 7743 4719 4677 
2 4 13621 11744 7652 10433 
1 10 944 9897 973 9766 11906 6811 810 6838 3977 957 
1 8 13621 7663 11864 9913 9928 3947 11862 944 
2 5 1847 4506 1645 7526 10433 
1 5 10433 12412 10503 12482 11906 
3 6 11771 9885 3895 3839 3970 6981 
2 5 11771 987 9781 11764 964 
1 5 964 3783 6851 1150 15229 
3 11 11771 6951 9788 11815 9835 6837 11886 3900 1052 12043 10068 
3 5 6981 11835 912 9790 4052 
3 6 4052 10065 13275 13213 12040 7125 
3 4 7125 1100 7204 11977 
3 4 11977 1081 4086 13287 
1 6 11977 13286 4126 13283 10110 11948 
2 7 7125 1148 9981 13276 848 13279 6928 
1 9 6928 3981 3852 6922 959 6822 898 6944 944 
2 5 12068 1091 11959 9955 7186 
2 6 4102 1183 12006 11925 4164 7110 
1 2 7110 9950 
2 2 7110 1025 
1 2 1025 11985 
2 3 11985 10052 1092 
2 3 1092 11946 7212 
2 4 7212 12031 14370 7072 
1 2 14370 1136 
2 3 7072 11960 1136 
2 8 11985 7050 1191 7145 1167 10055 9985 1136 
2 5 11960 4142 4172 7187 10125 
2 3 4172 7102 10032 
2 3 10125 12097 7087 
2 3 7087 7157 9998 
3 2 9998 1182 
2 5 1182 1097 11908 11989 12007 
1 3 10032 10128 12007 
2 3 7187 10015 11989 
2 2 12007 1117 
2 7 1182 4188 4100 7016 4118 1024 7169 
2 6 1117 11930 4067 1063 9865 6994 
2 4 7169 12056 3848 6994 
1 3 6994 9859 3962 
2 3 3962 7532 10444 
1 3 10444 10512 12421 
2 3 10068 11761 9843 
1 3 1052 900 6969 
1 3 9843 6904 10397 
1 4 10397 9776 3955 6969 
1 4 10397 1489 7674 11752 
2 6 9843 4140 12026 7109 7000 4093 
2 4 4093 12078 12344 4174 
2 8 7109 4190 1188 1169 4144 4114 1139 9958 
1 6 9958 7656 10098 4010 12069 10043 
2 3 10043 4037 1069 
1 6 1069 12045 4071 7089 10119 10000 
1 6 1069 7189 11980 11944 4137 10068 
1 8 10043 7025 12055 1121 1161 1001 4148 11913 
1 5 11913 996 7120 10034 10076 
1 3 10076 12052 7014 
1 4 7014 12076 4042 7191 
1 5 7191 11991 1096 7058 9974 
2 8 9958 10364 12012 7568 10446 10462 7167 4619 
1 4 4619 4631 9999 7097 
1 3 7097 10517 7101 
1 3 1628 7653 3992 
1 5 3992 4083 7172 12030 10112 
1 3 10062 7108 1047 
1 4 1047 12095 1120 9970 
1 7 7446 4501 1114 12008 1073 12048 4075 
1 3 4075 1185 11936 
1 6 4401 12232 10232 12204 1285 10162 
1 8 11936 10016 4397 12297 7280 1302 4379 10309 
2 9 10371 7531 7353 7572 10411 12173 10221 10250 7408 
2 18 1427 12122 12220 4388 1308 10158 12230 1366 12286 10156 12144 1291 13307 1364 13306 1376 10297 4412 
2 5 4412 13305 7427 13303 4424 
2 7 7381 4406 1425 4621 4434 7642 10135 
1 5 10135 14246 10491 4390 4608 
1 3 7669 1431 12104 
2 10 7566 4560 10460 10487 10475 12308 4481 7522 7535 7564 
1 9 7564 10430 12451 10500 4658 4478 10388 7520 12406 
2 3 12406 12435 7859 
2 9 12406 1537 10427 10682 10455 5161 7755 12576 7798 
2 5 7798 4776 12932 12924 12910 
2 4 12910 10925 5225 2186 
1 7 5225 5211 8249 2114 11019 12377 10427 
1 13 1652 2157 10983 1526 10997 12962 12976 2191 12948 5197 5183 8220 2186 
2 4 2211 2203 5195 2197 
2 9 1814 4804 7692 1786 1746 1713 7887 1565 4543 
1 3 12604 12617 4804 
1 2 7692 1801 
1 4 7260 10287 14063 14064 
1 6 12763 14391 14389 8022 10887 12005 
2 7 12005 2076 14954 10729 2032 14952 2086 
1 3 12005 9084 8007 
1 6 8007 15127 15125 10898 1971 10735 
1 4 10735 10813 8098 5105 
1 4 5105 14384 15215 5075 
1 3 1971 4382 4110 
1 3 4110 10108 3456 
2 9 4110 1980 10847 4984 1908 2054 4915 14951 2086 
2 5 9975 13075 1103 12886 4984 
1 6 9975 7696 7207 4132 14987 14394 
1 8 9975 10527 11952 7150 4187 14392 7013 1349 
1 7 1349 12269 12182 10210 14819 7250 12105 
1 5 12105 4278 10208 8100 8011 
1 4 7244 10190 4344 7391 
1 5 1321 14803 10130 12247 10246 
1 2 4416 10246 
1 4 10246 1268 7436 10278 
1 5 8011 12734 1344 12180 10278 
1 4 7391 4315 10808 12734 
1 5 12180 10152 1430 4321 7340 
1 5 7340 4280 12114 4472 8087 
1 3 8087 10324 11261 
1 3 8087 5104 11261 
1 3 5104 10259 10756 
1 5 10756 10296 12779 7310 1344 
1 3 10756 4414 8100 
1 6 11261 1359 12142 4353 10270 1349 
1 5 7340 1228 4237 10255 14816 
1 5 14816 10001 12462 10116 10088 
1 5 10088 1101 4104 4062 4245 
1 5 1349 7119 7060 7430 10030 
3 5 2086 14951 10794 5086 12137 
1 4 12137 2947 4045 5040 
1 4 12137 5055 14241 5040 
1 4 12137 1377 12777 12786 
1 5 12786 2005 1569 4571 4516 
1 6 5040 7938 10332 14240 10471 4571 
2 9 10332 12480 7497 12307 12035 1444 4204 10077 4245 
2 6 4516 4544 12452 1444 4204 4245 
1 5 1538 1059 14544 7220 4062 
1 4 10030 4883 4557 12420 
1 5 12420 7574 9946 10428 1101 
1 6 10030 4950 14976 14980 5096 5040 
1 6 10077 1609 7124 4616 7662 10416 
1 6 12366 12395 1497 7662 4644 10077 
1 4 10514 14414 7179 9991 
1 4 9991 14335 15122 12090 
1 5 8063 1082 12464 7469 1492 
2 9 1492 4585 1607 4654 7441 1417 4293 12127 1330 
2 4 10344 10283 10154 1330 
1 3 4293 4336 1403 
1 5 4948 7972 13630 15119 13628 
1 7 14567 14566 14564 14562 14561 12731 2050 
1 4 10968 14448 12925 5117 
1 4 14430 191 12504 5199 
2 6 5199 14050 1874 13539 13540 10929 
2 5 10929 13538 13537 12935 2120 
2 7 1874 13534 13531 7605 13477 13476 8214 
1 2 13445 13446 
2 2 13448 13446 
2 7 13448 13446 2229 15222 5203 13398 13397 
2 7 12589 13377 13376 12692 12547 13375 4696 
1 3 4696 13378 1833 
2 3 4696 4822 13385 
3 3 13385 5231 12648 
3 6 12648 15227 13399 12064 10400 13409 
1 3 13409 13410 13407 
1 6 13409 13406 13411 10566 2171 8245 
1 5 12064 13393 13390 13389 1468 
1 2 1468 7576 
1 5 2196 8205 12911 14105 5180 
2 4 13397 1509 13387 13385 
1 3 5210 14108 2206 
1 3 2206 5196 1939 
1 6 5121 8251 12984 14623 8229 650 
1 2 14625 650 
1 7 650 8222 5191 14626 8194 14629 5228 
1 5 5228 14632 11000 5171 12994 
1 5 12994 8217 14617 5131 14618 
1 5 14618 10952 5229 12930 14893 
1 4 14893 10938 8157 5230 
1 3 5230 13086 14752 
1 2 14758 14754 
1 4 650 10992 14649 12970 
1 4 7621 4573 12379 12364 
1 6 1639 12409 4602 1568 1555 12364 
1 5 12998 10418 12394 10402 12364 
1 4 14643 14641 12494 1639 
1 4 12942 10985 14713 14651 
1 3 14651 12351 12364 
1 7 12970 14650 14712 8208 7550 10390 12351 
1 10 8216 14728 5143 8255 14723 13000 14657 5163 7500 14651 
1 4 14656 12453 10515 12364 
1 6 2152 2173 14662 8238 14659 14656 
1 5 10362 12496 1613 1626 4604 
2 7 4604 4589 7594 1542 1529 4533 8181 
1 2 10447 4589 
1 2 10513 5112 
1 4 8181 7553 10947 10513 
2 7 12951 2181 1583 11003 11008 10947 10513 
1 3 12438 12972 11008 
1 4 10980 5172 10432 10513 
2 3 8148 12334 10980 
1 5 10999 2153 12996 8190 10980 
1 2 8143 10946 
1 5 10998 5182 10967 5168 2227 
1 4 8252 14343 14346 12798 
1 4 10886 10842 14981 12753 
1 10 7622 13704 10498 7451 10374 13702 4476 7546 12347 13700 
2 4 12753 8236 15007 15008 
2 5 15008 12810 8089 15040 1965 
1 5 1965 12755 4887 15044 13089 
1 3 13089 15014 8032 
2 8 13089 15016 15018 12873 14996 10895 8057 13717 
2 4 13717 1945 4977 4908 
2 4 4908 10765 8012 3834 
2 5 1965 15042 2011 15047 15048 
1 3 15048 4956 14997 
1 3 15048 10172 15010 
1 4 15010 5052 15046 15047 
2 4 15048 12721 14998 7973 
2 3 14997 2083 12721 
1 4 8003 10853 15011 15010 
2 3 8003 15000 7973 
1 4 14998 10769 14999 5015 
2 2 8003 10916 
2 4 10916 10830 2037 8097 
2 3 5015 12369 6785 
3 6 7973 12835 15002 5061 6987 12782 
1 2 8097 10740 
2 6 10740 10894 5038 12728 2019 12782 
2 5 6785 2042 4884 12410 10337 
2 5 12782 1927 12341 13620 10337 
2 4 3960 10861 10504 13620 
2 4 3960 7981 5022 1927 
2 6 10337 1500 12313 4507 4535 7552 
2 3 7552 7524 4464 
1 3 4464 7668 7480 
2 4 7480 10520 15005 492 
2 7 1843 9834 10489 866 12439 1572 12381 
2 3 7388 1584 1572 
2 5 12381 1433 12470 10492 12384 
1 4 492 860 7583 12384 
2 3 492 7422 12735 
2 3 12381 1480 11975 
2 3 11975 1547 7202 
2 8 7202 7012 4491 4653 1485 10394 638 12384 
2 2 7138 4491 
1 4 7138 7083 12054 1132 
1 4 1132 4168 6943 788 
1 4 788 11738 11841 3823 
1 6 7138 10081 12445 9931 10412 11841 
1 4 7083 7045 11783 6943 
1 4 7083 11927 10047 7202 
1 3 3823 873 3957 
2 3 3957 13209 6984 
2 3 6984 3824 6845 
2 3 6845 11782 6882 
2 2 6882 3878 
2 5 3878 13353 9847 6909 9832 
2 4 9832 11830 3906 6732 
2 8 6845 6869 11785 9804 847 3850 11789 11800 
2 9 3878 13353 6911 3806 11722 10381 11662 7345 4345 
2 7 11722 9721 9708 3702 3733 734 11654 
2 5 11654 6707 3687 882 6890 
2 5 6890 9825 3685 689 870 
2 5 11800 9808 827 6855 9775 
2 4 870 9653 6713 9450 
2 8 11800 4442 6874 3853 659 11791 9810 9653 
2 12 11654 749 11695 722 9711 9724 11669 6769 9684 695 9654 9653 
2 2 6710 9724 
1 4 6710 11656 691 695 
2 5 9775 11776 831 9796 1595 
1 6 1595 4531 1655 10461 9682 9450 
2 8 4569 12305 7626 12697 720 10461 9682 9450 
2 4 7626 1604 12437 1595 
2 12 1595 4527 4601 11890 971 10441 3975 3941 6958 11888 951 3957 
2 2 1445 4527 
2 3 12384 5090 10909 
1 4 12735 12803 968 10909 
1 3 10909 7791 913 
1 4 913 1582 12568 1445 
1 4 1445 4452 7547 6971 
1 6 6971 7588 7646 10343 11873 873 
2 5 12735 1587 11717 7464 7797 
2 5 12735 10192 10824 12501 12670 
2 4 7797 10615 1987 12670 
1 4 7797 1646 4444 12489 
2 2 7552 1453 
2 6 1453 10449 1559 10355 7543 12489 
2 6 12489 12458 7485 5001 9829 3960 
2 4 1453 1643 1528 12401 
2 3 12401 6968 9829 
1 3 10798 7904 1806 
2 6 3960 2082 8025 6803 1618 1806 
2 7 3960 9920 5085 4919 10702 7762 4586 
2 2 10798 7762 
1 4 4569 1621 12361 10717 
1 3 10717 1564 10370 
1 4 10370 12463 12346 4569 
2 4 10370 4567 2043 1806 
2 4 10370 1534 9802 4811 
2 4 4811 1352 7834 10717 
1 2 4811 1806 
2 2 4586 4814 
2 4 10740 12791 3883 4975 
2 3 1827 3869 4723 
2 3 4975 10642 12627 
2 3 12627 10588 1827 
2 7 12627 1809 12570 4814 12024 4740 4811 
2 9 1827 12642 11772 4830 10606 3708 12513 4757 7834 
2 6 4723 4760 3613 3855 7852 12586 
2 6 12586 12646 12577 7536 9880 1866 
2 9 10740 3867 12720 7891 9773 12893 9908 12624 4586 
2 4 4814 10532 1753 1352 
2 9 12586 9892 1678 1586 7539 10393 6737 12368 9450 
2 9 12586 10666 1770 12418 7306 10478 11589 12312 9450 
2 6 1866 4807 4664 10341 12456 12357 
2 2 12357 9450 
2 8 12357 9657 926 1760 10526 3699 1719 1866 
2 7 12361 7607 7449 7539 10478 1560 10341 
1 7 1747 1875 7771 10569 12667 1867 9880 
3 4 1866 6752 10618 10685 
2 5 10685 4772 1836 10709 4759 
2 2 4759 12603 
2 5 12603 1788 3721 12688 4872 
2 3 4759 7883 4863 
1 4 12585 12572 10624 4863 
2 8 1690 1832 4838 1854 11712 10593 10624 4863 
3 4 1690 10327 12214 7315 
2 4 7315 10157 4428 1408 
2 7 1690 12124 3781 6742 7779 4860 12585 
2 8 12585 4857 7760 10587 4839 3750 7862 4772 
2 7 12585 1851 7814 1815 10711 10640 4723 
2 5 12535 7888 12633 12561 10640 
2 3 12535 10582 4865 
1 7 12627 868 7684 1756 4742 10662 4865 
2 4 12535 1789 10556 9616 
2 7 9616 12553 4826 1414 7398 3513 12211 
2 4 12211 10271 7442 7315 
2 3 3513 4328 528 
2 5 528 10151 4347 4331 3588 
2 5 3588 781 6482 11733 528 
3 5 3588 768 766 9697 9713 
1 4 11757 1562 12374 7986 
1 3 11757 11795 12303 
1 4 7986 11876 4727 12303 
3 5 9713 13624 13625 13617 6861 
2 7 6861 13618 4518 9911 941 10387 12303 
2 3 3677 15207 13625 
1 4 3834 853 1793 11814 
1 4 4975 12552 10645 10573 
1 4 10573 7821 12765 11814 
2 3 7986 8115 853 
1 4 853 7747 6897 10573 
2 4 3834 7920 5044 12791 
2 9 12303 4657 7667 4799 1651 850 12699 12573 10651 
1 2 11814 1651 
3 11 9713 13632 10422 12134 4736 1862 7756 9695 1663 10651 4865 
2 3 7762 11802 4740 
1 2 10798 11802 
2 6 12670 6974 10727 11621 10448 1595 
2 3 1445 6696 11621 
2 5 7797 7615 4540 4449 4569 
2 3 11695 3763 3775 
2 8 3775 6797 9580 11567 3605 6625 4270 4345 
3 3 3778 4270 4345 
3 7 3778 3635 3661 14203 6676 6510 9467 
2 13 9467 12278 12582 602 777 10718 7794 3736 14216 11571 4875 4426 4872 
2 13 3778 12276 12205 10249 1299 4869 1782 12701 10718 4775 7899 1769 4875 
2 3 12603 10611 4739 
2 4 4739 3481 12593 3721 
2 5 4739 9669 6726 515 3010 
2 5 10611 11440 10684 3706 4765 
1 6 4765 4877 4343 7853 4413 1408 
1 6 3010 6754 1347 7761 1737 7853 
2 4 4345 9601 7291 12149 
2 11 7361 7644 7304 1424 4432 7379 4305 12291 1284 7433 12149 
2 7 7291 10320 10174 12221 1282 4342 4285 
1 5 13399 13402 13405 13472 8214 
2 4 663 13371 11604 636 
1 3 11601 13369 658 
