1 39 
1 67 
1 70 
1 101 
1 121 
1 122 
1 130 
1 158 
1 192 
1 241 
1 271 
1 291 
1 306 
1 310 
1 321 
1 351 
1 362 
1 377 
1 383 
1 385 
1 391 
1 394 
1 399 
1 402 
1 409 
1 413 
1 418 
1 485 
1 492 
1 495 
1 514 
1 516 
1 525 
1 528 
1 540 
1 559 
1 572 
1 587 
1 603 
1 620 
1 636 
1 650 
1 658 
1 663 
1 678 
1 688 
1 692 
1 694 
1 719 
1 740 
1 743 
1 746 
1 758 
1 782 
1 788 
1 819 
1 870 
1 875 
1 883 
1 885 
1 911 
1 913 
1 915 
1 925 
1 940 
1 944 
1 949 
1 955 
1 957 
1 964 
1 1025 
1 1047 
1 1048 
1 1065 
1 1069 
1 1092 
1 1117 
1 1132 
1 1136 
1 1145 
1 1176 
1 1182 
1 1208 
1 1268 
1 1292 
1 1321 
1 1330 
1 1349 
1 1403 
1 1408 
1 1445 
1 1453 
1 1468 
1 1492 
1 1538 
1 1595 
1 1628 
1 1639 
1 1652 
1 1672 
1 1690 
1 1727 
1 1747 
1 1801 
1 1806 
1 1814 
1 1821 
1 1827 
1 1833 
1 1838 
1 1843 
1 1847 
1 1866 
1 1922 
1 1939 
1 1965 
1 2050 
1 2086 
1 2089 
1 2097 
1 2120 
1 2133 
1 2152 
1 2186 
1 2196 
1 2197 
1 2206 
1 2211 
1 2227 
1 3010 
1 3022 
1 3083 
1 3122 
1 3134 
1 3151 
1 3152 
1 3187 
1 3273 
1 3288 
1 3295 
1 3314 
1 3320 
1 3325 
1 3335 
1 3338 
1 3369 
1 3379 
1 3392 
1 3393 
1 3456 
1 3458 
1 3501 
1 3519 
1 3522 
1 3529 
1 3544 
1 3552 
1 3569 
1 3578 
1 3580 
1 3581 
1 3588 
1 3601 
1 3617 
1 3652 
1 3653 
1 3663 
1 3668 
1 3672 
1 3673 
1 3677 
1 3686 
1 3696 
1 3734 
1 3775 
1 3778 
1 3780 
1 3816 
1 3823 
1 3834 
1 3838 
1 3878 
1 3882 
1 3924 
1 3945 
1 3951 
1 3957 
1 3960 
1 3962 
1 3983 
1 3992 
1 4014 
1 4052 
1 4055 
1 4073 
1 4075 
1 4076 
1 4093 
1 4098 
1 4102 
1 4109 
1 4110 
1 4111 
1 4135 
1 4143 
1 4159 
1 4174 
1 4206 
1 4245 
1 4285 
1 4294 
1 4345 
1 4401 
1 4412 
1 4416 
1 4424 
1 4435 
1 4464 
1 4516 
1 4543 
1 4569 
1 4586 
1 4604 
1 4608 
1 4619 
1 4640 
1 4641 
1 4680 
1 4696 
1 4723 
1 4739 
1 4759 
1 4765 
1 4811 
1 4863 
1 4865 
1 4872 
1 4908 
1 4925 
1 4948 
1 4975 
1 4987 
1 4995 
1 5005 
1 5015 
1 5033 
1 5040 
1 5075 
1 5105 
1 5112 
1 5117 
1 5121 
1 5168 
1 5180 
1 5199 
1 5210 
1 5228 
1 5230 
1 6050 
1 6115 
1 6124 
1 6165 
1 6184 
1 6262 
1 6278 
1 6282 
1 6287 
1 6314 
1 6332 
1 6336 
1 6338 
1 6364 
1 6375 
1 6376 
1 6377 
1 6380 
1 6384 
1 6389 
1 6410 
1 6418 
1 6449 
1 6464 
1 6474 
1 6488 
1 6513 
1 6521 
1 6536 
1 6558 
1 6560 
1 6583 
1 6587 
1 6606 
1 6613 
1 6626 
1 6657 
1 6710 
1 6711 
1 6732 
1 6734 
1 6766 
1 6780 
1 6785 
1 6788 
1 6831 
1 6832 
1 6845 
1 6861 
1 6866 
1 6867 
1 6875 
1 6880 
1 6882 
1 6890 
1 6891 
1 6906 
1 6923 
1 6928 
1 6969 
1 6971 
1 6973 
1 6981 
1 6984 
1 6994 
1 6999 
1 7014 
1 7069 
1 7087 
1 7097 
1 7100 
1 7101 
1 7110 
1 7125 
1 7132 
1 7137 
1 7138 
1 7144 
1 7169 
1 7180 
1 7183 
1 7186 
1 7191 
1 7202 
1 7212 
1 7244 
1 7260 
1 7315 
1 7340 
1 7361 
1 7375 
1 7381 
1 7387 
1 7388 
1 7391 
1 7408 
1 7446 
1 7477 
1 7480 
1 7552 
1 7564 
1 7566 
1 7576 
1 7602 
1 7621 
1 7622 
1 7630 
1 7657 
1 7660 
1 7661 
1 7669 
1 7757 
1 7763 
1 7797 
1 7798 
1 7859 
1 7959 
1 7960 
1 7973 
1 7986 
1 8001 
1 8003 
1 8007 
1 8011 
1 8032 
1 8051 
1 8063 
1 8087 
1 8097 
1 8105 
1 8113 
1 8124 
1 8143 
1 8148 
1 8181 
1 8214 
1 8216 
1 8245 
1 8252 
1 9056 
1 9075 
1 9131 
1 9195 
1 9206 
1 9262 
1 9279 
1 9288 
1 9292 
1 9297 
1 9315 
1 9335 
1 9340 
1 9347 
1 9355 
1 9361 
1 9392 
1 9417 
1 9427 
1 9434 
1 9450 
1 9458 
1 9467 
1 9481 
1 9490 
1 9495 
1 9496 
1 9498 
1 9503 
1 9508 
1 9509 
1 9515 
1 9523 
1 9548 
1 9559 
1 9570 
1 9606 
1 9607 
1 9616 
1 9617 
1 9627 
1 9635 
1 9648 
1 9660 
1 9692 
1 9713 
1 9716 
1 9737 
1 9753 
1 9764 
1 9767 
1 9775 
1 9777 
1 9783 
1 9814 
1 9817 
1 9824 
1 9832 
1 9833 
1 9843 
1 9898 
1 9904 
1 9907 
1 9909 
1 9914 
1 9945 
1 9950 
1 9958 
1 9970 
1 9974 
1 9975 
1 9990 
1 9991 
1 9998 
1 10000 
1 10024 
1 10030 
1 10032 
1 10043 
1 10062 
1 10068 
1 10074 
1 10076 
1 10088 
1 10106 
1 10112 
1 10125 
1 10135 
1 10162 
1 10187 
1 10265 
1 10278 
1 10309 
1 10337 
1 10344 
1 10362 
1 10370 
1 10371 
1 10397 
1 10416 
1 10433 
1 10444 
1 10447 
1 10490 
1 10513 
1 10514 
1 10573 
1 10616 
1 10649 
1 10685 
1 10696 
1 10717 
1 10735 
1 10737 
1 10740 
1 10756 
1 10760 
1 10798 
1 10837 
1 10840 
1 10886 
1 10909 
1 10916 
1 10929 
1 10946 
1 10968 
1 10980 
1 10998 
1 10999 
1 11105 
1 11136 
1 11159 
1 11176 
1 11202 
1 11215 
1 11218 
1 11225 
1 11234 
1 11241 
1 11261 
1 11293 
1 11297 
1 11301 
1 11325 
1 11333 
1 11341 
1 11349 
1 11351 
1 11366 
1 11370 
1 11375 
1 11380 
1 11399 
1 11420 
1 11437 
1 11467 
1 11479 
1 11499 
1 11503 
1 11506 
1 11514 
1 11531 
1 11539 
1 11542 
1 11544 
1 11548 
1 11573 
1 11581 
1 11584 
1 11586 
1 11596 
1 11618 
1 11638 
1 11654 
1 11666 
1 11670 
1 11677 
1 11732 
1 11751 
1 11752 
1 11771 
1 11773 
1 11784 
1 11800 
1 11805 
1 11810 
1 11814 
1 11818 
1 11825 
1 11829 
1 11834 
1 11837 
1 11842 
1 11853 
1 11884 
1 11887 
1 11913 
1 11921 
1 11936 
1 11948 
1 11960 
1 11964 
1 11969 
1 11975 
1 11976 
1 11977 
1 11985 
1 11998 
1 12005 
1 12007 
1 12038 
1 12049 
1 12051 
1 12068 
1 12071 
1 12090 
1 12104 
1 12105 
1 12128 
1 12137 
1 12149 
1 12189 
1 12211 
1 12303 
1 12309 
1 12333 
1 12357 
1 12364 
1 12366 
1 12381 
1 12384 
1 12401 
1 12406 
1 12420 
1 12421 
1 12438 
1 12473 
1 12489 
1 12535 
1 12585 
1 12586 
1 12589 
1 12603 
1 12604 
1 12627 
1 12656 
1 12670 
1 12735 
1 12738 
1 12753 
1 12763 
1 12782 
1 12786 
1 12798 
1 12823 
1 12865 
1 12881 
1 12888 
1 12910 
1 12942 
1 12951 
1 12970 
1 12994 
1 12997 
1 12998 
1 13087 
1 13089 
1 13214 
1 13287 
1 13350 
1 13385 
1 13397 
1 13407 
1 13409 
1 13445 
1 13446 
1 13448 
1 13520 
1 13579 
1 13580 
1 13621 
1 13628 
1 13668 
1 13679 
1 13700 
1 13717 
1 13860 
1 13878 
1 13929 
1 13978 
1 14064 
1 14178 
1 14185 
1 14225 
1 14315 
1 14370 
1 14394 
1 14430 
1 14528 
1 14567 
1 14618 
1 14625 
1 14643 
1 14651 
1 14656 
1 14679 
1 14752 
1 14754 
1 14758 
1 14816 
1 14893 
1 14962 
1 14964 
1 14995 
1 14997 
1 15008 
1 15010 
1 15048 
1 15072 
1 15081 
1 15216 
1 15228 
1 15229 
